
-----------------工业380v-------------------

单相用电设备 2a/kw。   就是说60kw用电器120a电流

| 导线面积 (mm²) | 橡皮绝缘电线 | 橡皮绝缘电线 |聚氯乙烯绝缘电线| 聚氯乙烯绝缘电线 |
| ---------- | ----------- | ------- | --------- | -------- |
|            | 铜芯 BXF、BX | 铝芯 BLXF| 铜芯BVBVR | 铝芯 BLV  |
| 0.75       | 18          |         | 16        |          |
| 1.0        | 21          |         | 19        |          |
| 1.5        | 27          | 19      | 24        | 18       |
| 2.5        | 33          | 27      | 32        | 25       |
| 4          | 45          | 35      | 42        | 32       |
| 6          | 58          | 45      | 55        | 42       |
| 10         | 85          | 65      | 75        | 59       |
| 16         | 110         | 85      | 105       | 80       |
| 25         | 145         | 110     | 138       | 105      |
| 35         | 180         | 138     | 170       | 130      |
| 50         | 230         | 175     | 215       | 165      |
| 70         | 285         | 220     | 265       | 205      |
| 95         | 345         | 265     | 325       | 250      |
| 120        | 400         | 310     | 375       | 285      |
| 150        | 470         | 360     | 430       | 325      |
| 185        | 540         | 420     | 490       | 380      |
| 240        | 660         | 510     |           |          |
| 300        | 770         | 600     |           |          |
| 400        | 940         | 730     |           |          |
| 500        | 1100        | 850     |           |          |
| 630        | 1250        | 980     |           |          |
