

电机功率（KW）    空开（A）    接触器（A）    线径（mm²）
0.75              10           9             1.5
1.5               16           9             1.5
2.2               16           12            2.5
3.7               25           18            4
5.5               32           25            4
7.5               40           32            4
11                60           40            6
15                63           50            6
18.5              100          65            6
22                100          65            10
30                125          95            16
37                125          100           16
45                160          125           25
55                200          125           35
75                200          160           50
93                250          160           70
110               350          350           95–120
132               400          350           150
160               500          400           185






